{
    "camera_0": {
        "intrinsic": {
            "width": 480,
            "height": 480,
            "fovy_degrees": 45.0,
            "focal_length": 579.4112549695428,
            "matrix": [
                [
                    579.4112549695428,
                    0.0,
                    240.0
                ],
                [
                    0.0,
                    579.4112549695428,
                    240.0
                ],
                [
                    0.0,
                    0.0,
                    1.0
                ]
            ]
        },
        "extrinsic": {
            "position": [
                0.775,
                -0.856,
                1.209
            ],
            "rotation_matrix": [
                [
                    0.7326154777847623,
                    0.13381387467676192,
                    -0.6673592800390178
                ],
                [
                    0.6806427563048065,
                    -0.1440316742115515,
                    0.718317697898091
                ],
                [
                    -5.551115123125783e-17,
                    -0.9804839232582088,
                    -0.1965992783104522
                ]
            ],
            "matrix": [
                [
                    0.6812259417683132,
                    -0.14392506898102098,
                    0.7177860341220657,
                    -0.4553827022160982
                ],
                [
                    -0.7320732314884042,
                    -0.1339285285180085,
                    0.667931084010264,
                    -0.7753628792522663
                ],
                [
                    -5.551115123125783e-17,
                    -0.9804839232582088,
                    -0.1965992783104522,
                    0.42900000000000005
                ],
                [
                    0.0,
                    0.0,
                    0.0,
                    1.0
                ]
            ]
        }
    },
    "camera_1": {
        "intrinsic": {
            "width": 480,
            "height": 480,
            "fovy_degrees": 45.0,
            "focal_length": 579.4112549695428,
            "matrix": [
                [
                    579.4112549695428,
                    0.0,
                    240.0
                ],
                [
                    0.0,
                    579.4112549695428,
                    240.0
                ],
                [
                    0.0,
                    0.0,
                    1.0
                ]
            ]
        },
        "extrinsic": {
            "position": [
                1.0,
                1.0,
                1.3
            ],
            "rotation_matrix": [
                [
                    -0.7326154777847623,
                    0.13381387467676192,
                    -0.6673592800390178
                ],
                [
                    0.6806427563048065,
                    0.1440316742115515,
                    -0.718317697898091
                ],
                [
                    5.551115123125783e-17,
                    -0.9804839232582088,
                    -0.1965992783104522
                ]
            ],
            "matrix": [
                [
                    0.6800591392209999,
                    0.14413818810636464,
                    -0.7188489061627672,
                    1.400795882815302
                ],
                [
                    0.7331572595030296,
                    -0.13369913597927588,
                    0.6667870528710066,
                    -0.998884825536808
                ],
                [
                    5.551115123125783e-17,
                    -0.9804839232582088,
                    -0.1965992783104522,
                    0.52
                ],
                [
                    0.0,
                    0.0,
                    0.0,
                    1.0
                ]
            ]
        }
    },
    "camera_2": {
        "intrinsic": {
            "width": 480,
            "height": 480,
            "fovy_degrees": 45.0,
            "focal_length": 579.4112549695428,
            "matrix": [
                [
                    579.4112549695428,
                    0.0,
                    240.0
                ],
                [
                    0.0,
                    579.4112549695428,
                    240.0
                ],
                [
                    0.0,
                    0.0,
                    1.0
                ]
            ]
        },
        "extrinsic": {
            "position": [
                -0.775,
                -0.856,
                1.209
            ],
            "rotation_matrix": [
                [
                    0.7326154777847623,
                    -0.13381387467676192,
                    0.6673592800390178
                ],
                [
                    -0.6806427563048065,
                    -0.1440316742115515,
                    0.718317697898091
                ],
                [
                    5.551115123125783e-17,
                    -0.9804839232582088,
                    -0.1965992783104522
                ]
            ],
            "matrix": [
                [
                    -0.6800591392209999,
                    -0.14413818810636464,
                    0.7188489061627672,
                    -0.4566170086177349
                ],
                [
                    -0.7331572595030296,
                    0.13369913597927588,
                    -0.6667870528710066,
                    0.7746366292920775
                ],
                [
                    5.551115123125783e-17,
                    -0.9804839232582088,
                    -0.1965992783104522,
                    0.42900000000000005
                ],
                [
                    0.0,
                    0.0,
                    0.0,
                    1.0
                ]
            ]
        }
    },
    "camera_3": {
        "intrinsic": {
            "width": 480,
            "height": 480,
            "fovy_degrees": 45.0,
            "focal_length": 579.4112549695428,
            "matrix": [
                [
                    579.4112549695428,
                    0.0,
                    240.0
                ],
                [
                    0.0,
                    579.4112549695428,
                    240.0
                ],
                [
                    0.0,
                    0.0,
                    1.0
                ]
            ]
        },
        "extrinsic": {
            "position": [
                -1.0,
                1.0,
                1.3
            ],
            "rotation_matrix": [
                [
                    -0.7326154777847623,
                    -0.13381387467676192,
                    0.6673592800390178
                ],
                [
                    -0.6806427563048065,
                    0.1440316742115515,
                    -0.718317697898091
                ],
                [
                    -5.551115123125783e-17,
                    -0.9804839232582088,
                    -0.1965992783104522
                ]
            ],
            "matrix": [
                [
                    -0.6812259417683132,
                    0.14392506898102098,
                    -0.7177860341220657,
                    1.3992032293938352
                ],
                [
                    0.7320732314884042,
                    0.1339285285180085,
                    -0.667931084010264,
                    1.0011145403268613
                ],
                [
                    -5.551115123125783e-17,
                    -0.9804839232582088,
                    -0.1965992783104522,
                    0.52
                ],
                [
                    0.0,
                    0.0,
                    0.0,
                    1.0
                ]
            ]
        }
    },
    "camera_4": {
        "intrinsic": {
            "width": 480,
            "height": 480,
            "fovy_degrees": 45.0,
            "focal_length": 579.4112549695428,
            "matrix": [
                [
                    579.4112549695428,
                    0.0,
                    240.0
                ],
                [
                    0.0,
                    579.4112549695428,
                    240.0
                ],
                [
                    0.0,
                    0.0,
                    1.0
                ]
            ]
        },
        "extrinsic": {
            "position": [
                -0.016,
                1.223,
                1.644
            ],
            "rotation_matrix": [
                [
                    -0.9998875189808163,
                    -0.008268161755206758,
                    0.01251346824736448
                ],
                [
                    -0.014998312784712243,
                    0.5512107836804505,
                    -0.8342312164909652
                ],
                [
                    8.673617379884035e-19,
                    -0.8343250622242949,
                    -0.5512727914058763
                ]
            ],
            "matrix": [
                [
                    -0.01579454516831802,
                    0.5512040247510043,
                    -0.8342209871737947,
                    1.622986744170996
                ],
                [
                    0.9998752583912287,
                    0.008707103003924868,
                    -0.013177784880361367,
                    0.01729243317842953
                ],
                [
                    8.673617379884035e-19,
                    -0.8343250622242949,
                    -0.5512727914058763,
                    0.8639999999999999
                ],
                [
                    0.0,
                    0.0,
                    0.0,
                    1.0
                ]
            ]
        }
    },
    "camera_5": {
        "intrinsic": {
            "width": 480,
            "height": 480,
            "fovy_degrees": 45.0,
            "focal_length": 579.4112549695428,
            "matrix": [
                [
                    579.4112549695428,
                    0.0,
                    240.0
                ],
                [
                    0.0,
                    579.4112549695428,
                    240.0
                ],
                [
                    0.0,
                    0.0,
                    1.0
                ]
            ]
        },
        "extrinsic": {
            "position": [
                0.22729621798491423,
                -0.40370225825312284,
                1.0445778520676623
            ],
            "rotation_matrix": [
                [
                    0.7217597366668246,
                    0.5964104302233918,
                    0.35122283702427753
                ],
                [
                    0.6918843949970518,
                    -0.6078086316692252,
                    -0.3896981539960708
                ],
                [
                    -0.0189437716993488,
                    0.5242740371114427,
                    -0.8513388676224468
                ]
            ],
            "matrix": [
                [
                    0.6924589321795758,
                    -0.6073335013963107,
                    -0.38941834230865013,
                    -0.003521255029624526
                ],
                [
                    -0.7212085417953135,
                    -0.5968942553690434,
                    -0.35153305271184754,
                    -0.22729909412365643
                ],
                [
                    -0.0189437716993488,
                    0.5242740371114427,
                    -0.8513388676224468,
                    0.26457785206766227
                ],
                [
                    0.0,
                    0.0,
                    0.0,
                    1.0
                ]
            ]
        }
    }
}